0.00880174
0.00897959
8.88533e-007
0.017872
0.0180499
2.66489e-006
0.017872
0.0180499
2.66489e-006
0.00907029
0.00907029
1.77636e-006
0.0175163
0.0176942
2.66489e-006
0.0355662
0.0355662
5.32978e-006
0.0355662
0.0355662
5.32978e-006
0.0180499
0.017872
2.66489e-006
0.0175163
0.0176942
2.66489e-006
0.0355662
0.0355662
5.32978e-006
0.0355662
0.0355662
5.32978e-006
0.0180499
0.017872
2.66489e-006
0.0087146
0.0087146
1.77636e-006
0.0176942
0.0175163
2.66489e-006
0.0176942
0.0175163
2.66489e-006
0.00897959
0.00880174
8.88534e-007
0.046875
0.5
0
0
0
